1 0.14921875 0.35703125 0.084375 0.0984375
1 0.30859375 0.384375 0.0671875 0.0484375
1 0.4109375 0.38203125 0.065625 0.04375
1 0.2390625 0.321875 0.0203125 0.0171875
1 0.53515625 0.4375 0.0515625 0.0484375
1 0.6625 0.4203125 0.075 0.0625
1 0.1828125 0.7390625 0.0484375 0.1078125
1 0.2640625 0.76328125 0.0984375 0.0984375
1 0.36171875 0.82109375 0.1015625 0.115625
1 0.64453125 0.728125 0.0703125 0.128125
1 0.79921875 0.75234375 0.18125 0.1515625
1 0.93515625 0.78984375 0.0765625 0.0890625
0 0.3125 0.1578125 0.3421875 0.3140625
0 0.7390625 0.1921875 0.4625 0.36875
0 0.78359375 0.584375 0.1328125 0.125
0 0.88125 0.56640625 0.0578125 0.1015625
0 0.9265625 0.72109375 0.040625 0.040625
0 0.58984375 0.584375 0.128125 0.15
0 0.15625 0.64296875 0.065625 0.125
0 0.2796875 0.6515625 0.0984375 0.0671875
0 0.35703125 0.74375 0.0625 0.03125
0 0.03125 0.60703125 0.053125 0.16875